#SPRITE 9
rtZombies 30
0	0	0 180 220	
1	180	0 180 220	
2	360	0 180 220	
3	540	0 180 220	
4	720	0 180 220	
5	900	0 180 220	
6	1080 0 180 220	
7	1260 0 180 220	
8	1440 0 180 220	
9	1620 0 180 220
10	1800 0 180 220
11	1980 0 180 220
12	2160 0 180 220
13	2340 0 180 220
14	2520 0 180 220
15	0	220	180	220	
16	180	220	180	220	
17	360	220	180	220	
18	540	220	180	220	
19	720	220	180	220	
20	900	220	180	220	
21	1080 220 180 220	
22	1260 220 180 220	
23	1440 220 180 220	
24	1620 220 180 220
25	1800 220 180 220
26	1980 220 180 220
27	2160 220 180 220
28	2340 220 180 220
29	2520 220 180 220
rtZombieAttack 27
0	0	440	180	220	
1	180	440	180	220	
2	360	440	180	220	
3	540	440	180	220	
4	720	440	180	220	
5	900	440	180	220	
6	1080 440 180 220	
7	1260 440 180 220	
8	1440 440 180 220	
9	1620 440 180 220
10	1800 440 180 220
11	1980 440 180 220
12	2160 440 180 220
13	2340 440 180 220
14	2520 440 180 220
15	0	660	180	220	
16	180	660	180	220	
17	360	660	180	220	
18	540	660	180	220	
19	720	660	180	220	
20	900	660	180	220	
21	1080 660 180 220	
22	1260 660 180 220	
23	1440 660 180 220	
24	1620 660 180 220
25	1800 660 180 220
26	1980 660 180 220
rtSunFlower 8
0	0 880 36 30
1	36 880 36 30
2	72 880 36 30
3	108 880 36 30
4	144 880 36 30
5	180 880 36 30
6	216 880 36 30
7	252 880 36 30
rtPeaShooter 8
0	0 910 36 30
1	36 910 36 30
2	72 910 36 30
3	108 910 36 30
4	144 910 36 30
5	180 910 36 30
6	216 910 36 30
7	252 910 36 30
rtPeaShooterAttack 5
0	288 910 36 30
1	324 910 36 30
2	360 910 36 30
3	396 910 36 30
4	432 910 36 30
rtWallNut 5
0	0 940 36 30
1	36 940 36 30
2	72 940 36 30
3	108 940 36 30
4	144 940 36 30
rtBean 1
0	180 940 10 10
rtSunshine 1
0	190 940 28 30
rtPoint 33
0	0 970 65 25
1	65 970 65 25
2	130 970 65 25
3	195 970 65 25
4	260 970 65 25
5	325 970 65 25
6	390 970 65 25
7	455 970 65 25
8	520 970 65 25
9	585 970 65 25
10	650 970 65 25
11	0 995 65 25
12	65 995 65 25
13	130 995 65 25
14	195 995 65 25
15	260 995 65 25
16	325 995 65 25
17	390 995 65 25
18	455 995 65 25
19	520 995 65 25
20	585 995 65 25
21	650 995 65 25
22	0 1020 65 25
23	65 1020 65 25
24	130 1020 65 25
25	195 1020 65 25
26	260 1020 65 25
27	325 1020 65 25
28	390 1020 65 25
29	455 1020 65 25
30	520 1020 65 25
31	585 1020 65 25
32	650 1020 65 25
